The model: 2_1_net.pt. Yielded the following:
AUC: 0.8571428571428571
MCC: 0.4365003372034187