The model: 3_4_net.pt. Yielded the following:
AUC: 0.9204529855868222
MCC: 0.5800584597620354