The model: 2_0_net.pt. Yielded the following:
AUC: 0.8923015021459227
MCC: 0.5589961860936807