The model: 0_4_net.pt. Yielded the following:
AUC: 0.8797733431879773
MCC: 0.543621244319559