The model: 1_2_net.pt. Yielded the following:
AUC: 0.9289152542372882
MCC: 0.6605940088455141