The model: 1_2_net.pt. Yielded the following:
AUC: 0.9328947368421052
MCC: 0.5162539642881122