The model: 2_0_net.pt. Yielded the following:
AUC: 0.9593428014480645
MCC: 0.5311622181277781