The model: 3_1_net.pt. Yielded the following:
AUC: 0.9236630247268546
MCC: 0.5458564285595264