The model: 4_0_net.pt. Yielded the following:
AUC: 0.9358345021037868
MCC: 0.4611446763847426