The model: 0_1_net.pt. Yielded the following:
AUC: 0.8898354876615746
MCC: 0.49316771243844326