The model: 1_4_net.pt. Yielded the following:
AUC: 0.8927732079905992
MCC: 0.5207023343773038