The model: 4_2_net.pt. Yielded the following:
AUC: 0.8579545454545454
MCC: 0.47422144312348424