The model: 3_1_net.pt. Yielded the following:
AUC: 0.788235294117647
MCC: 0.4268409230213553