The model: 1_4_net.pt. Yielded the following:
AUC: 0.8155555555555556
MCC: 0.38411438354886274