The model: 2_1_net.pt. Yielded the following:
AUC: 0.8389423076923077
MCC: 0.4385290096535146