The model: 4_0_net.pt. Yielded the following:
AUC: 0.7391304347826088
MCC: 0.34287784616580924