The model: 0_1_net.pt. Yielded the following:
AUC: 0.8375384615384616
MCC: 0.5442637362637363