The model: 4_0_net.pt. Yielded the following:
AUC: 0.7874029044241809
MCC: 0.42722631312983433