The model: 2_1_net.pt. Yielded the following:
AUC: 0.8285885782884582
MCC: 0.45750218317724034