The model: 1_3_net.pt. Yielded the following:
AUC: 0.7961293743372216
MCC: 0.3777524962687243