The model: 3_1_net.pt. Yielded the following:
AUC: 0.8591093117408907
MCC: 0.569131663564274