The model: 1_4_net.pt. Yielded the following:
AUC: 0.8544759334233019
MCC: 0.5289202969884944