The model: 0_4_net.pt. Yielded the following:
AUC: 0.866225165562914
MCC: 0.60361699231918