The model: 3_1_net.pt. Yielded the following:
AUC: 0.8505670849420849
MCC: 0.5148716385721767