The model: 4_0_net.pt. Yielded the following:
AUC: 0.9387387387387388
MCC: 0.4393671337968619