The model: 4_2_net.pt. Yielded the following:
AUC: 0.8888888888888888
MCC: 0.6666666666666666