The model: 1_2_net.pt. Yielded the following:
AUC: 0.9545454545454545
MCC: 0.82915619758885