The model: 3_1_net.pt. Yielded the following:
AUC: 0.854880791722897
MCC: 0.5613135402609086