The model: 4_1_net.pt. Yielded the following:
AUC: 0.7828436339074637
MCC: 0.4022094843386489