The model: 1_0_net.pt. Yielded the following:
AUC: 0.8301519971721456
MCC: 0.5149504030315671