The model: 2_0_net.pt. Yielded the following:
AUC: 0.836477448122106
MCC: 0.525105375221752