The model: 3_2_net.pt. Yielded the following:
AUC: 0.8999552038226071
MCC: 0.485935960870833