The model: 1_4_net.pt. Yielded the following:
AUC: 0.8777624309392265
MCC: 0.5220867990241396