The model: 4_3_net.pt. Yielded the following:
AUC: 0.9329797492767599
MCC: 0.6160059629551862