The model: 0_2_net.pt. Yielded the following:
AUC: 0.8783577533577533
MCC: 0.35753210546864