The model: 4_2_net.pt. Yielded the following:
AUC: 0.9864990689013036
MCC: 0.7570320339799381