The model: 0_4_net.pt. Yielded the following:
AUC: 0.9630984042553191
MCC: 0.6703447209338895