The model: 3_0_net.pt. Yielded the following:
AUC: 0.9767222396980182
MCC: 0.7200493439605882