The model: 1_0_net.pt. Yielded the following:
AUC: 0.93799944888399
MCC: 0.5530670514556956