The model: 2_4_net.pt. Yielded the following:
AUC: 0.9630124777183601
MCC: 0.7004334411878448