The model: 0_1_net.pt. Yielded the following:
AUC: 0.9361223791603539
MCC: 0.6626494982798057