The model: 3_1_net.pt. Yielded the following:
AUC: 0.914456106870229
MCC: 0.6419472313650499