The model: 4_0_net.pt. Yielded the following:
AUC: 0.9181174089068826
MCC: 0.6294448661927858