The model: 4_1_net.pt. Yielded the following:
AUC: 0.7407407407407407
MCC: 0.3927922024247863