The model: 2_3_net.pt. Yielded the following:
AUC: 0.6708333333333334
MCC: 0.28870545602072445