The model: 0_2_net.pt. Yielded the following:
AUC: 0.696969696969697
MCC: 0.2700542407171066