The model: 1_0_net.pt. Yielded the following:
AUC: 0.8317307692307693
MCC: 0.5130878183232778