The model: 3_1_net.pt. Yielded the following:
AUC: 0.8988095238095237
MCC: 0.5529203373641627