The model: 2_4_net.pt. Yielded the following:
AUC: 0.5249999999999999
MCC: -0.057735026918962574