The model: 1_4_net.pt. Yielded the following:
AUC: 0.8079216621680999
MCC: 0.45482320984998