The model: 2_0_net.pt. Yielded the following:
AUC: 0.8866666666666667
MCC: 0.6005134729444959