The model: 0_4_net.pt. Yielded the following:
AUC: 0.8277777777777777
MCC: 0.4598652349229035