The model: 3_4_net.pt. Yielded the following:
AUC: 0.8195175438596491
MCC: 0.4246599311401123