The model: 4_0_net.pt. Yielded the following:
AUC: 0.8807838867719107
MCC: 0.5146641206599951