The model: 2_4_net.pt. Yielded the following:
AUC: 0.9773043720412142
MCC: 0.7338913499569871