The model: 0_3_net.pt. Yielded the following:
AUC: 0.9418639951426836
MCC: 0.6288735007036552