The model: 1_0_net.pt. Yielded the following:
AUC: 0.9552631578947368
MCC: 0.7297824353717619