The model: 3_0_net.pt. Yielded the following:
AUC: 0.9608970672800461
MCC: 0.765051801030303