The model: 4_3_net.pt. Yielded the following:
AUC: 0.957748948106592
MCC: 0.643579091579078