The model: 2_3_net.pt. Yielded the following:
AUC: 0.8849819257311863
MCC: 0.5681220270657572