The model: 0_4_net.pt. Yielded the following:
AUC: 0.8437118437118437
MCC: 0.40521629310806867