The model: 4_3_net.pt. Yielded the following:
AUC: 0.9122468659594986
MCC: 0.4404889102805778