The model: 0_1_net.pt. Yielded the following:
AUC: 0.9112582781456954
MCC: 0.6028643148889417