The model: 4_1_net.pt. Yielded the following:
AUC: 0.8796338672768879
MCC: 0.5615785777027723