The model: 3_2_net.pt. Yielded the following:
AUC: 0.8866433397683399
MCC: 0.5551938746157185