The model: 0_2_net.pt. Yielded the following:
AUC: 0.9273767605633803
MCC: 0.5941628545619155