The model: 3_1_net.pt. Yielded the following:
AUC: 0.8812388591800356
MCC: 0.3088221407389031