The model: 4_3_net.pt. Yielded the following:
AUC: 0.8952748750567924
MCC: 0.42311581726857156