The model: 1_2_net.pt. Yielded the following:
AUC: 0.8854754440961338
MCC: 0.44863329303191396