The model: 0_3_net.pt. Yielded the following:
AUC: 0.8722637362637362
MCC: 0.5851414174548751