The model: 4_0_net.pt. Yielded the following:
AUC: 0.8330800405268489
MCC: 0.49848024316109424