The model: 1_4_net.pt. Yielded the following:
AUC: 0.8973135383527748
MCC: 0.6705144064203994