The model: 3_0_net.pt. Yielded the following:
AUC: 0.872514619883041
MCC: 0.6081233081964978