The model: 1_3_net.pt. Yielded the following:
AUC: 0.8266666666666667
MCC: 0.39696418929239397