The model: 0_1_net.pt. Yielded the following:
AUC: 0.9312169312169312
MCC: 0.5873015873015873