The model: 2_1_net.pt. Yielded the following:
AUC: 0.9182692307692308
MCC: 0.6431758808251548