The model: 3_1_net.pt. Yielded the following:
AUC: 0.8823529411764706
MCC: 0.5286784384345528