The model: 2_1_net.pt. Yielded the following:
AUC: 0.8851931330472104
MCC: 0.5966946475341102