The model: 0_3_net.pt. Yielded the following:
AUC: 0.8907190370605005
MCC: 0.599667526078996