The model: 4_1_net.pt. Yielded the following:
AUC: 0.9081983805668016
MCC: 0.627979423598751