The model: 2_1_net.pt. Yielded the following:
AUC: 0.8891826923076923
MCC: 0.5692331144837577