The model: 0_4_net.pt. Yielded the following:
AUC: 0.9406187380870926
MCC: 0.6723354571790848