The model: 3_0_net.pt. Yielded the following:
AUC: 0.9307729007633587
MCC: 0.6973254065687773