The model: 1_4_net.pt. Yielded the following:
AUC: 0.8948640758985587
MCC: 0.5328695341186614