The model: 1_2_net.pt. Yielded the following:
AUC: 0.8858770718232044
MCC: 0.5111921020471173