The model: 0_3_net.pt. Yielded the following:
AUC: 0.8962148962148963
MCC: 0.5398765856348354