The model: 3_0_net.pt. Yielded the following:
AUC: 0.9353441839629685
MCC: 0.6756927208878539