The model: 4_2_net.pt. Yielded the following:
AUC: 0.9135326261652202
MCC: 0.5466088074574091