The model: 2_4_net.pt. Yielded the following:
AUC: 0.8798882681564245
MCC: 0.5236731109148545