The model: 0_2_net.pt. Yielded the following:
AUC: 0.8374110953058321
MCC: 0.49250504198711176