The model: 2_1_net.pt. Yielded the following:
AUC: 0.8862063541994338
MCC: 0.5508690291637077