The model: 3_0_net.pt. Yielded the following:
AUC: 0.88996138996139
MCC: 0.31586296438394335