The model: 4_0_net.pt. Yielded the following:
AUC: 0.9453630481667865
MCC: 0.5351541370794364