The model: 3_4_net.pt. Yielded the following:
AUC: 0.8999999999999999
MCC: 0.6059616675035312