The model: 1_3_net.pt. Yielded the following:
AUC: 0.7555555555555555
MCC: 0.4164383610972005
