The model: 1_4_net.pt. Yielded the following:
AUC: 0.8466666666666667
MCC: 0.4373890473525387