The model: 4_0_net.pt. Yielded the following:
AUC: 0.758695652173913
MCC: 0.2969460626940593