The model: 4_3_net.pt. Yielded the following:
AUC: 0.8677631578947367
MCC: 0.5176156934096707