The model: 3_4_net.pt. Yielded the following:
AUC: 0.8901240458015267
MCC: 0.6085760990558645