The model: 1_4_net.pt. Yielded the following:
AUC: 0.8669038496624704
MCC: 0.46591212382083674