The model: 0_3_net.pt. Yielded the following:
AUC: 0.8760080152485215
MCC: 0.5906998117835079