The model: 0_4_net.pt. Yielded the following:
AUC: 0.7554423344140806
MCC: -0.030595290523437336