The model: 2_0_net.pt. Yielded the following:
AUC: 0.8899999999999999
MCC: 0.5253215045571457