The model: 3_2_net.pt. Yielded the following:
AUC: 0.9239026717557253
MCC: 0.6688419015057007