The model: 0_3_net.pt. Yielded the following:
AUC: 0.9376863300913932
MCC: 0.678804519714259