The model: 2_3_net.pt. Yielded the following:
AUC: 0.8347750865051904
MCC: 0.46014038136725965