The model: 1_0_net.pt. Yielded the following:
AUC: 0.8756043956043957
MCC: 0.60021253159291