The model: 3_1_net.pt. Yielded the following:
AUC: 0.886904761904762
MCC: 0.49697507871607105