The model: 4_1_net.pt. Yielded the following:
AUC: 0.8195590327169274
MCC: 0.4153014958741811