The model: 4_1_net.pt. Yielded the following:
AUC: 0.8452975920036347
MCC: 0.4655299558894927