The model: 3_1_net.pt. Yielded the following:
AUC: 0.822192513368984
MCC: 0.2221617288980519