The model: 1_3_net.pt. Yielded the following:
AUC: 0.7941483803552769
MCC: 0.18137496488740773