The model: 0_4_net.pt. Yielded the following:
AUC: 0.831205985915493
MCC: 0.2354946846085347