The model: 1_2_net.pt. Yielded the following:
AUC: 0.7954545454545454
MCC: 0.2069593385961789