The model: 3_4_net.pt. Yielded the following:
AUC: 0.8578088578088577
MCC: 0.5067306028204014