The model: 1_0_net.pt. Yielded the following:
AUC: 0.8896551724137931
MCC: 0.48006374181030065