The model: 4_1_net.pt. Yielded the following:
AUC: 0.9413265306122449
MCC: 0.6933752452815364