The model: 0_3_net.pt. Yielded the following:
AUC: 0.9655172413793104
MCC: 0.6554204648540598