The model: 2_0_net.pt. Yielded the following:
AUC: 0.8214285714285714
MCC: 0.5041328699643796