The model: 4_3_net.pt. Yielded the following:
AUC: 0.5333333333333332
MCC: 0.15114173098063566