The model: 2_4_net.pt. Yielded the following:
AUC: 0.6791666666666667
MCC: 0.24900596027799868