The model: 0_4_net.pt. Yielded the following:
AUC: 0.49696969696969695
MCC: -0.0778498944161523