The model: 1_0_net.pt. Yielded the following:
AUC: 0.5913461538461539
MCC: 0.3464173711074475