The model: 3_1_net.pt. Yielded the following:
AUC: 0.5238095238095238
MCC: 0.18712029714127992