The model: 0_3_net.pt. Yielded the following:
AUC: 0.9154523375834851
MCC: 0.6078066228508454