The model: 3_4_net.pt. Yielded the following:
AUC: 0.9354514088556642
MCC: 0.5897457634305066