The model: 1_2_net.pt. Yielded the following:
AUC: 0.8408149171270718
MCC: 0.4218368768651435