The model: 0_4_net.pt. Yielded the following:
AUC: 0.8472222222222222
MCC: 0.4319845608500244