The model: 4_0_net.pt. Yielded the following:
AUC: 0.8674059787849566
MCC: 0.5246382480881684