The model: 3_2_net.pt. Yielded the following:
AUC: 0.8789010004479617
MCC: 0.4792402366867858