The model: 4_2_net.pt. Yielded the following:
AUC: 0.8632290184921764
MCC: 0.46266875285153236