The model: 2_0_net.pt. Yielded the following:
AUC: 0.8851840201321169
MCC: 0.5467033624636461