The model: 0_2_net.pt. Yielded the following:
AUC: 0.835348506401138
MCC: 0.4187406892307566