The model: 3_2_net.pt. Yielded the following:
AUC: 0.9254464285714286
MCC: 0.5718572534150534