The model: 1_3_net.pt. Yielded the following:
AUC: 0.7083333333333333
MCC: 0.408248290463863