The model: 3_4_net.pt. Yielded the following:
AUC: 0.5416666666666666
MCC: -0.19364916731037085