The model: 0_3_net.pt. Yielded the following:
AUC: 0.8928571428571428
MCC: 0.4752571988795914