The model: 2_3_net.pt. Yielded the following:
AUC: 0.9699439633214467
MCC: 0.6079844375590486