The model: 1_0_net.pt. Yielded the following:
AUC: 0.9373177842565599
MCC: 0.5211600357837365