The model: 4_0_net.pt. Yielded the following:
AUC: 0.96036866359447
MCC: 0.6916610887771518