The model: 3_0_net.pt. Yielded the following:
AUC: 0.976923076923077
MCC: 0.7332507955915742