The model: 3_2_net.pt. Yielded the following:
AUC: 0.4216216216216216
MCC: -0.05175833517000349