The model: 0_4_net.pt. Yielded the following:
AUC: 0.7842105263157895
MCC: 0.39307432172829515