The model: 4_1_net.pt. Yielded the following:
AUC: 0.6918918918918919
MCC: 0.13119431691539143