The model: 0_3_net.pt. Yielded the following:
AUC: 0.8647214854111406
MCC: 0.6554204648540598