The model: 3_0_net.pt. Yielded the following:
AUC: 0.7412587412587412
MCC: 0.3525905902319634