The model: 2_4_net.pt. Yielded the following:
AUC: 0.7417582417582418
MCC: 0.3936010642502642