The model: 1_2_net.pt. Yielded the following:
AUC: 0.864367816091954
MCC: 0.534582626346961