The model: 4_0_net.pt. Yielded the following:
AUC: 0.7959183673469388
MCC: 0.4735570640442169