The model: 3_1_net.pt. Yielded the following:
AUC: 0.8666666666666667
MCC: 0.6333333333333333