The model: 2_4_net.pt. Yielded the following:
AUC: 0.8972642820569088
MCC: 0.5292657863061461