The model: 4_2_net.pt. Yielded the following:
AUC: 0.8805788775961113
MCC: 0.5139970425663053