The model: 3_0_net.pt. Yielded the following:
AUC: 0.8929258630447086
MCC: 0.5544379458470912