The model: 3_0_net.pt. Yielded the following:
AUC: 0.9584615384615385
MCC: 0.2668802563418119