The model: 2_4_net.pt. Yielded the following:
AUC: 0.9052470708099847
MCC: 0.26694574039539015