The model: 1_0_net.pt. Yielded the following:
AUC: 0.9105928085519922
MCC: 0.25617376914899