The model: 4_2_net.pt. Yielded the following:
AUC: 0.7407407407407407
MCC: 0.34641016151377546