The model: 2_4_net.pt. Yielded the following:
AUC: 0.49583333333333335
MCC: 0.0222717701593687