The model: 3_1_net.pt. Yielded the following:
AUC: 0.7272727272727273
MCC: -0.12309149097933272