The model: 1_0_net.pt. Yielded the following:
AUC: 0.7333333333333333
MCC: 0.4666666666666667