The model: 0_2_net.pt. Yielded the following:
AUC: 0.8599137931034483
MCC: 0.5580523396538208