The model: 3_0_net.pt. Yielded the following:
AUC: 0.8611111111111112
MCC: 0.5333333333333333