The model: 4_3_net.pt. Yielded the following:
AUC: 0.907142857142857
MCC: 0.6857142857142857