The model: 0_1_net.pt. Yielded the following:
AUC: 0.45263157894736844
MCC: -0.05597170785495563