The model: 2_1_net.pt. Yielded the following:
AUC: 0.9335403726708074
MCC: 0.4516317745307966