The model: 1_2_net.pt. Yielded the following:
AUC: 0.9537500000000001
MCC: 0.4364357804719848