The model: 3_1_net.pt. Yielded the following:
AUC: 0.8947065592635213
MCC: 0.4322989067025265