The model: 4_3_net.pt. Yielded the following:
AUC: 0.9511363636363637
MCC: 0.41489222305430284