The model: 0_4_net.pt. Yielded the following:
AUC: 0.9219077568134171
MCC: 0.31204481674109974