The model: 4_1_net.pt. Yielded the following:
AUC: 0.7083333333333333
MCC: 0.38575837490522974