The model: 1_3_net.pt. Yielded the following:
AUC: 0.7333333333333333
MCC: 0.7453559924999299