The model: 0_1_net.pt. Yielded the following:
AUC: 0.7727272727272727
MCC: -0.16116459280507606