The model: 3_1_net.pt. Yielded the following:
AUC: 0.9333333333333333
MCC: 0.8333333333333334