The model: 2_0_net.pt. Yielded the following:
AUC: 0.7142857142857142
MCC: 0.5238095238095238