The model: 2_0_net.pt. Yielded the following:
AUC: 0.8950310559006212
MCC: 0.3077432084594901