The model: 3_2_net.pt. Yielded the following:
AUC: 0.8705408515535098
MCC: 0.41475245287918167