The model: 0_3_net.pt. Yielded the following:
AUC: 0.8601702932828761
MCC: 0.5114941803495859