The model: 3_1_net.pt. Yielded the following:
AUC: 0.8581081081081081
MCC: 0.5447278010147628