The model: 4_1_net.pt. Yielded the following:
AUC: 0.8338100686498856
MCC: 0.47566258281800566