The model: 2_0_net.pt. Yielded the following:
AUC: 0.8443857027927825
MCC: 0.5114603563394667