The model: 0_4_net.pt. Yielded the following:
AUC: 0.8181818181818182
MCC: 0.45226701686664544