The model: 3_0_net.pt. Yielded the following:
AUC: 0.8981588032220943
MCC: 0.6189109537841043