The model: 0_1_net.pt. Yielded the following:
AUC: 0.8658280922431866
MCC: -0.021070148679394957