The model: 4_0_net.pt. Yielded the following:
AUC: 0.9340909090909091
MCC: 0.32808537948797145