The model: 1_2_net.pt. Yielded the following:
AUC: 0.9600000000000001
MCC: 0.3076923076923077