The model: 2_3_net.pt. Yielded the following:
AUC: 0.9434782608695652
MCC: -0.019114484997483857