The model: 3_0_net.pt. Yielded the following:
AUC: 0.9479166666666667
MCC: 0.7200616735519729