The model: 1_0_net.pt. Yielded the following:
AUC: 0.9519525951310059
MCC: 0.7559080865767741