The model: 4_1_net.pt. Yielded the following:
AUC: 0.944487070190395
MCC: 0.7335346556676231