The model: 0_3_net.pt. Yielded the following:
AUC: 0.9467101449275364
MCC: 0.7399138073661496