The model: 4_0_net.pt. Yielded the following:
AUC: 0.937958707730297
MCC: 0.7055881339341009