The model: 0_3_net.pt. Yielded the following:
AUC: 0.9202125787491641
MCC: 0.6448935497458244