The model: 2_0_net.pt. Yielded the following:
AUC: 0.927843347639485
MCC: 0.6927704965644482