The model: 3_1_net.pt. Yielded the following:
AUC: 0.9320864790665753
MCC: 0.6741238179198541