The model: 0_1_net.pt. Yielded the following:
AUC: 0.5185185185185185
MCC: -0.17407765595569785