The model: 1_3_net.pt. Yielded the following:
AUC: 0.8571428571428572
MCC: 0.4879500364742666