The model: 1_2_net.pt. Yielded the following:
AUC: 0.9243378310844577
MCC: 0.6695398591663548