The model: 2_1_net.pt. Yielded the following:
AUC: 0.9182027995084375
MCC: 0.6678998003647673