The model: 3_1_net.pt. Yielded the following:
AUC: 0.9232463818860879
MCC: 0.6540478270882726