The model: 4_1_net.pt. Yielded the following:
AUC: 0.9101307189542484
MCC: 0.6619904884490864