The model: 0_3_net.pt. Yielded the following:
AUC: 0.8788766788766789
MCC: 0.5560205018352508