The model: 4_1_net.pt. Yielded the following:
AUC: 0.9090228633641808
MCC: 0.6416203290939174