The model: 1_2_net.pt. Yielded the following:
AUC: 0.8860711819722553
MCC: 0.6090124918733402