The model: 3_2_net.pt. Yielded the following:
AUC: 0.8698099415204679
MCC: 0.5168785494708086