The model: 2_0_net.pt. Yielded the following:
AUC: 0.913968253968254
MCC: 0.6319167230252544