The model: 4_1_net.pt. Yielded the following:
AUC: 0.8566856330014224
MCC: 0.5039833826682791