The model: 3_1_net.pt. Yielded the following:
AUC: 0.8301339285714285
MCC: 0.43968163643214