The model: 0_4_net.pt. Yielded the following:
AUC: 0.7584637268847796
MCC: 0.3855070365914443