The model: 2_4_net.pt. Yielded the following:
AUC: 0.8304498269896193
MCC: 0.4636676773161086