The model: 2_4_net.pt. Yielded the following:
AUC: 0.9211229946524064
MCC: 0.48549704211863726