The model: 1_4_net.pt. Yielded the following:
AUC: 0.9173325985119867
MCC: 0.13998719050892333