The model: 3_2_net.pt. Yielded the following:
AUC: 0.9411764705882353
MCC: 0.4690415759823429