The model: 0_3_net.pt. Yielded the following:
AUC: 0.9448138297872342
MCC: 0.4187757566148716