The model: 1_0_net.pt. Yielded the following:
AUC: 0.889573732718894
MCC: 0.6288140389781304