The model: 3_0_net.pt. Yielded the following:
AUC: 0.9340721795964763
MCC: 0.7354061137054472