The model: 4_1_net.pt. Yielded the following:
AUC: 0.887537239324727
MCC: 0.5996772591857001