The model: 0_4_net.pt. Yielded the following:
AUC: 0.8811379097093383
MCC: 0.6008534823172841