The model: 2_0_net.pt. Yielded the following:
AUC: 0.9334787350054525
MCC: 0.5560603764834183