The model: 1_2_net.pt. Yielded the following:
AUC: 0.8900731452455591
MCC: 0.47794101443900056