The model: 3_1_net.pt. Yielded the following:
AUC: 0.8705436720142603
MCC: 0.4450075742792181