The model: 3_0_net.pt. Yielded the following:
AUC: 0.8350088704908337
MCC: 0.40022750563180454