The model: 1_2_net.pt. Yielded the following:
AUC: 0.7787896592244418
MCC: 0.3651665917823842