The model: 4_1_net.pt. Yielded the following:
AUC: 0.7947860962566844
MCC: 0.3833838524221609