The model: 0_3_net.pt. Yielded the following:
AUC: 0.8589894242068155
MCC: 0.43713173201124933