The model: 0_4_net.pt. Yielded the following:
AUC: 0.814516129032258
MCC: -0.013856849886842331