The model: 4_0_net.pt. Yielded the following:
AUC: 0.9894957983193277
MCC: 0.7012385736609779