The model: 3_4_net.pt. Yielded the following:
AUC: 0.624031007751938
MCC: -0.02175777545950707