The model: 3_0_net.pt. Yielded the following:
AUC: 0.8333333333333333
MCC: 0.18349396085439343