The model: 4_2_net.pt. Yielded the following:
AUC: 0.8547619047619048
MCC: 0.32813879689547715