The model: 2_3_net.pt. Yielded the following:
AUC: 0.8981481481481481
MCC: 0.6897247020435424