The model: 1_0_net.pt. Yielded the following:
AUC: 0.8249336870026525
MCC: 0.6544782449931849