The model: 0_2_net.pt. Yielded the following:
AUC: 0.8211206896551724
MCC: 0.41810344827586204