The model: 3_1_net.pt. Yielded the following:
AUC: 0.8222222222222222
MCC: 0.49488120534872554