The model: 4_0_net.pt. Yielded the following:
AUC: 0.8476190476190476
MCC: 0.561011491466461