The model: 2_3_net.pt. Yielded the following:
AUC: 0.9320987654320988
MCC: 0.5892556509887896