The model: 0_3_net.pt. Yielded the following:
AUC: 0.923758865248227
MCC: 0.6610977277794734