The model: 3_4_net.pt. Yielded the following:
AUC: 0.925938502169402
MCC: 0.6149405772495755