The model: 2_3_net.pt. Yielded the following:
AUC: 0.9374954282788385
MCC: 0.6134174129847445