The model: 4_2_net.pt. Yielded the following:
AUC: 0.9150095743113861
MCC: 0.6152090081270664