The model: 0_1_net.pt. Yielded the following:
AUC: 0.743421052631579
MCC: -0.022991923350021575