The model: 3_1_net.pt. Yielded the following:
AUC: 0.7633928571428571
MCC: -0.011799872090079811