The model: 4_0_net.pt. Yielded the following:
AUC: 0.7646065518405943
MCC: 0.39890908510978906