The model: 0_3_net.pt. Yielded the following:
AUC: 0.8464175824175824
MCC: 0.47669774240187496