The model: 3_1_net.pt. Yielded the following:
AUC: 0.8524516419253261
MCC: 0.5407880796230667