The model: 2_3_net.pt. Yielded the following:
AUC: 0.8134110787172012
MCC: 0.4985881092723229