The model: 4_0_net.pt. Yielded the following:
AUC: 0.8095238095238095
MCC: 0.3563483225498992