The model: 2_3_net.pt. Yielded the following:
AUC: 0.9259259259259258
MCC: 0.816496580927726