The model: 1_3_net.pt. Yielded the following:
AUC: 0.5952380952380953
MCC: 0.2828894749305018