The model: 3_4_net.pt. Yielded the following:
AUC: 0.6571428571428571
MCC: 0.02857142857142857