The model: 4_3_net.pt. Yielded the following:
AUC: 0.7619047619047619
MCC: 0.3563483225498992