The model: 3_1_net.pt. Yielded the following:
AUC: 0.8571428571428572
MCC: 0.37142857142857144