The model: 1_0_net.pt. Yielded the following:
AUC: 0.9047619047619047
MCC: 0.7200822998230956