The model: 3_0_net.pt. Yielded the following:
AUC: 0.8604166666666667
MCC: 0.536502821481637