The model: 4_1_net.pt. Yielded the following:
AUC: 0.8088904694167852
MCC: 0.42737542631529024