The model: 1_4_net.pt. Yielded the following:
AUC: 0.8394009216589862
MCC: 0.5078341013824885