The model: 2_1_net.pt. Yielded the following:
AUC: 0.8476430976430978
MCC: 0.509305123346576