The model: 4_3_net.pt. Yielded the following:
AUC: 0.8632075471698114
MCC: 0.5480436886176606