The model: 3_2_net.pt. Yielded the following:
AUC: 0.831140350877193
MCC: 0.4976405619308135