The model: 2_0_net.pt. Yielded the following:
AUC: 0.8801904761904762
MCC: 0.5353667030622001