The model: 1_4_net.pt. Yielded the following:
AUC: 0.8203502604983993
MCC: 0.4380474569956179