The model: 0_1_net.pt. Yielded the following:
AUC: 0.8308913308913309
MCC: 0.45013782058549984