The model: 4_1_net.pt. Yielded the following:
AUC: 0.8347849755035384
MCC: 0.4025273538004881