The model: 2_1_net.pt. Yielded the following:
AUC: 0.9494301994301995
MCC: 0.6329621044272916