The model: 4_0_net.pt. Yielded the following:
AUC: 0.9367361610352265
MCC: 0.6326287140462615