The model: 1_0_net.pt. Yielded the following:
AUC: 0.9160887656033286
MCC: 0.4865267469967371