The model: 3_0_net.pt. Yielded the following:
AUC: 0.8835263835263836
MCC: 0.3548219858423945