The model: 0_1_net.pt. Yielded the following:
AUC: 0.8857142857142858
MCC: 0.641481465786824