The model: 4_2_net.pt. Yielded the following:
AUC: 0.4444444444444444
MCC: -0.2721655269759087