The model: 1_0_net.pt. Yielded the following:
AUC: 0.5454545454545454
MCC: 0.6504436355879909