The model: 1_0_net.pt. Yielded the following:
AUC: 0.42500000000000004
MCC: 0.10112997936948631