The model: 4_3_net.pt. Yielded the following:
AUC: 0.9739292364990688
MCC: 0.672270428711143