The model: 3_0_net.pt. Yielded the following:
AUC: 0.8486945580371186
MCC: 0.458682472293863