The model: 0_4_net.pt. Yielded the following:
AUC: 0.9341755319148936
MCC: 0.5761657814787042