The model: 3_2_net.pt. Yielded the following:
AUC: 0.8450620934358368
MCC: 0.3526470329096083