The model: 2_0_net.pt. Yielded the following:
AUC: 0.7855436081242533
MCC: 0.4212789431414203