The model: 4_2_net.pt. Yielded the following:
AUC: 0.8332219251336899
MCC: 0.4388825456647741