The model: 0_3_net.pt. Yielded the following:
AUC: 0.8469447708578144
MCC: 0.5129476965731372