The model: 2_0_net.pt. Yielded the following:
AUC: 0.929144385026738
MCC: 0.4491308222905187