The model: 1_0_net.pt. Yielded the following:
AUC: 0.906310278313585
MCC: 0.38169400406394605