The model: 0_3_net.pt. Yielded the following:
AUC: 0.9488031914893618
MCC: 0.4187757566148716