The model: 3_0_net.pt. Yielded the following:
AUC: 0.9342560553633218
MCC: 0.40519020777606646