The model: 0_3_net.pt. Yielded the following:
AUC: 0.8123685837971552
MCC: 0.4181328791979696