The model: 4_3_net.pt. Yielded the following:
AUC: 0.8614076464746773
MCC: 0.5292578364511955