The model: 3_1_net.pt. Yielded the following:
AUC: 0.8678601875532822
MCC: 0.6016354417431321