The model: 4_2_net.pt. Yielded the following:
AUC: 0.6666666666666666
MCC: 0.5238095238095238