The model: 2_0_net.pt. Yielded the following:
AUC: 0.9285714285714286
MCC: 0.35714285714285715