The model: 1_2_net.pt. Yielded the following:
AUC: 0.5833333333333334
MCC: 0.408248290463863