The model: 3_2_net.pt. Yielded the following:
AUC: 0.8639858072146659
MCC: 0.40713756051060107