The model: 2_1_net.pt. Yielded the following:
AUC: 0.7971923536439666
MCC: 0.37072310341959264