The model: 4_3_net.pt. Yielded the following:
AUC: 0.827874331550802
MCC: 0.3305928479125631