The model: 3_0_net.pt. Yielded the following:
AUC: 0.08333333333333333
MCC: -0.4629100498862757