The model: 0_2_net.pt. Yielded the following:
AUC: 0.6666666666666666
MCC: 0.4879500364742666