The model: 0_2_net.pt. Yielded the following:
AUC: 0.9187940140845071
MCC: 0.27353775225458804