The model: 3_1_net.pt. Yielded the following:
AUC: 0.8941622103386809
MCC: 0.21788778092254843