The model: 4_1_net.pt. Yielded the following:
AUC: 0.9050431621990004
MCC: 0.4056773072913363