The model: 1_4_net.pt. Yielded the following:
AUC: 0.8825496342737722
MCC: 0.42410949538932796