The model: 3_1_net.pt. Yielded the following:
AUC: 0.9047619047619048
MCC: 0.3486574798117845