The model: 4_1_net.pt. Yielded the following:
AUC: 0.7945945945945946
MCC: 0.3027313974231092