The model: 2_3_net.pt. Yielded the following:
AUC: 0.7489597780859916
MCC: -0.05064160607625691