The model: 1_0_net.pt. Yielded the following:
AUC: 0.8387942332896461
MCC: 0.3489224324734194