The model: 0_3_net.pt. Yielded the following:
AUC: 0.8500000000000001
MCC: 0.5393598899705937