The model: 3_4_net.pt. Yielded the following:
AUC: 0.9090909090909091
MCC: -0.12309149097933272