The model: 1_0_net.pt. Yielded the following:
AUC: 0.888888888888889
MCC: 0.7745966692414834