The model: 4_0_net.pt. Yielded the following:
AUC: 0.8333333333333333
MCC: 0.47140452079103173