The model: 4_2_net.pt. Yielded the following:
AUC: 0.8571428571428572
MCC: 0.5238095238095238