The model: 0_3_net.pt. Yielded the following:
AUC: 0.9385714285714286
MCC: 0.376085729841583