The model: 1_0_net.pt. Yielded the following:
AUC: 0.8790087463556852
MCC: 0.4465054183406904