The model: 1_4_net.pt. Yielded the following:
AUC: 0.6666666666666666
MCC: 0.5555555555555556