The model: 2_4_net.pt. Yielded the following:
AUC: 0.8333333333333334
MCC: 0.1889822365046136