The model: 3_1_net.pt. Yielded the following:
AUC: 0.9090909090909091
MCC: 0.4090909090909091