The model: 0_3_net.pt. Yielded the following:
AUC: 0.8562271062271063
MCC: 0.43783848130919323