The model: 3_1_net.pt. Yielded the following:
AUC: 0.8809914887262954
MCC: 0.49760172516707063