The model: 4_0_net.pt. Yielded the following:
AUC: 0.8932819029251045
MCC: 0.43241779013734843