The model: 1_3_net.pt. Yielded the following:
AUC: 0.848756906077348
MCC: 0.4052169242916712