The model: 4_0_net.pt. Yielded the following:
AUC: 0.7830531576556111
MCC: 0.3520901279937104