The model: 0_4_net.pt. Yielded the following:
AUC: 0.8675176056338028
MCC: 0.4668131916974123