The model: 3_0_net.pt. Yielded the following:
AUC: 0.7774064171122995
MCC: 0.31931847380981576