The model: 4_1_net.pt. Yielded the following:
AUC: 0.9166666666666666
MCC: 0.5416666666666666