The model: 2_1_net.pt. Yielded the following:
AUC: 0.6111111111111112
MCC: -0.1336306209562122