The model: 3_2_net.pt. Yielded the following:
AUC: 0.9543589743589744
MCC: 0.5237261157218001