The model: 4_0_net.pt. Yielded the following:
AUC: 0.9101382488479263
MCC: 0.5223785823509