The model: 0_1_net.pt. Yielded the following:
AUC: 0.7799999999999999
MCC: 0.4752571988795914