The model: 2_3_net.pt. Yielded the following:
AUC: 0.9470198675496688
MCC: 0.6670110922396535