The model: 1_0_net.pt. Yielded the following:
AUC: 0.9091539528432733
MCC: 0.332388021758657