The model: 4_2_net.pt. Yielded the following:
AUC: 0.9568655643421998
MCC: 0.5979149695176889