The model: 3_1_net.pt. Yielded the following:
AUC: 0.9234234234234233
MCC: 0.42694505152176093