The model: 0_1_net.pt. Yielded the following:
AUC: 0.926530612244898
MCC: 0.5738045840530313