The model: 2_1_net.pt. Yielded the following:
AUC: 0.8105413105413105
MCC: 0.46431901803172315