The model: 3_4_net.pt. Yielded the following:
AUC: 0.9099099099099098
MCC: 0.31586296438394335