The model: 0_4_net.pt. Yielded the following:
AUC: 0.8993197278911567
MCC: 0.35805743701971643