The model: 4_2_net.pt. Yielded the following:
AUC: 0.9798850574712644
MCC: 0.2755713307126347