The model: 0_4_net.pt. Yielded the following:
AUC: 0.9027777777777778
MCC: 0.34653177294863075