The model: 0_4_net.pt. Yielded the following:
AUC: 0.8127311522048364
MCC: 0.4657721210300179