The model: 3_2_net.pt. Yielded the following:
AUC: 0.8837797619047619
MCC: 0.555573435190573