The model: 2_1_net.pt. Yielded the following:
AUC: 0.8825102233406731
MCC: 0.5508690291637077