The model: 4_0_net.pt. Yielded the following:
AUC: 0.8800142247510669
MCC: 0.5380899018189943