The model: 1_3_net.pt. Yielded the following:
AUC: 0.8974358974358974
MCC: 0.6618358204104613