The model: 4_1_net.pt. Yielded the following:
AUC: 0.9642857142857143
MCC: 0.4938141948308022