The model: 4_0_net.pt. Yielded the following:
AUC: 0.9354219948849104
MCC: 0.7082761738125095