The model: 4_0_net.pt. Yielded the following:
AUC: 0.8888888888888888
MCC: 0.5091750772173156