The model: 3_0_net.pt. Yielded the following:
AUC: 0.8666666666666667
MCC: 0.43033148291193524