The model: 1_4_net.pt. Yielded the following:
AUC: 0.30000000000000004
MCC: -0.05773502691896257