The model: 2_4_net.pt. Yielded the following:
AUC: 0.6388888888888888
MCC: 0.45226701686664544