The model: 2_3_net.pt. Yielded the following:
AUC: 0.8648076923076923
MCC: 0.4289872746834116