The model: 4_0_net.pt. Yielded the following:
AUC: 0.9108805668016194
MCC: 0.6466955574685425