The model: 0_4_net.pt. Yielded the following:
AUC: 0.9139826987928255
MCC: 0.5589288147844559