The model: 1_2_net.pt. Yielded the following:
AUC: 0.8663108921729611
MCC: 0.507492287444962