The model: 3_4_net.pt. Yielded the following:
AUC: 0.8492016558249557
MCC: 0.3929368258282559