The model: 0_4_net.pt. Yielded the following:
AUC: 0.8586956521739131
MCC: 0.5786192032437611