The model: 1_2_net.pt. Yielded the following:
AUC: 0.8390129259694477
MCC: 0.5028928527822625