The model: 4_3_net.pt. Yielded the following:
AUC: 0.8178475935828877
MCC: 0.41609954064334514