The model: 0_1_net.pt. Yielded the following:
AUC: 0.9404057971014494
MCC: 0.7305057355537732