The model: 1_3_net.pt. Yielded the following:
AUC: 0.9543799528807025
MCC: 0.7696684923451867