The model: 4_2_net.pt. Yielded the following:
AUC: 0.9440039784029554
MCC: 0.7450790639029251