The model: 3_0_net.pt. Yielded the following:
AUC: 0.9453489729225024
MCC: 0.7232890775604456