The model: 2_3_net.pt. Yielded the following:
AUC: 0.8791518216296978
MCC: 0.6032326911249853