The model: 3_4_net.pt. Yielded the following:
AUC: 0.8777147683397684
MCC: 0.5689206215173226