The model: 4_3_net.pt. Yielded the following:
AUC: 0.8737414187643021
MCC: 0.5439454873280418