The model: 0_3_net.pt. Yielded the following:
AUC: 0.9113844213181961
MCC: 0.6276362207674434