The model: 3_4_net.pt. Yielded the following:
AUC: 0.7302564102564103
MCC: 0.3303101959109588