The model: 0_4_net.pt. Yielded the following:
AUC: 0.7799907364520611
MCC: 0.24315601825341054