The model: 1_0_net.pt. Yielded the following:
AUC: 0.7453580901856764
MCC: 0.42114251145941717