The model: 4_0_net.pt. Yielded the following:
AUC: 0.7904761904761904
MCC: 0.4600662568376087