The model: 0_4_net.pt. Yielded the following:
AUC: 0.7844827586206897
MCC: 0.2869449118648753