The model: 3_0_net.pt. Yielded the following:
AUC: 0.7611111111111111
MCC: 0.337464595092843