The model: 4_0_net.pt. Yielded the following:
AUC: 0.7480842911877396
MCC: -0.013879521231396685
