The model: 3_4_net.pt. Yielded the following:
AUC: 0.9229924502402196
MCC: 0.6398619181459384