The model: 2_4_net.pt. Yielded the following:
AUC: 0.8897867489270386
MCC: 0.5993415769724628