The model: 4_0_net.pt. Yielded the following:
AUC: 0.9006790589203649
MCC: 0.6416917239002197