The model: 0_3_net.pt. Yielded the following:
AUC: 0.8896983775032555
MCC: 0.5762955032658286