The model: 1_4_net.pt. Yielded the following:
AUC: 0.9313898305084745
MCC: 0.6529268436367668