The model: 0_1_net.pt. Yielded the following:
AUC: 0.9157509157509158
MCC: 0.4433100193503938