The model: 2_0_net.pt. Yielded the following:
AUC: 0.8881038448899112
MCC: 0.5831496707949909