The model: 4_3_net.pt. Yielded the following:
AUC: 0.9328190292510447
MCC: 0.7146009108014258