The model: 1_0_net.pt. Yielded the following:
AUC: 0.8846685082872928
MCC: 0.5481057859701793