The model: 3_1_net.pt. Yielded the following:
AUC: 0.919217560101538
MCC: 0.5856417958493141