The model: 3_4_net.pt. Yielded the following:
AUC: 0.8713270815572605
MCC: 0.5411559599775059