The model: 1_2_net.pt. Yielded the following:
AUC: 0.8296082949308756
MCC: 0.4583236185439778