The model: 2_1_net.pt. Yielded the following:
AUC: 0.860930735930736
MCC: 0.5417807521542559