The model: 0_3_net.pt. Yielded the following:
AUC: 0.8247371675943105
MCC: 0.4920642092580028