The model: 2_1_net.pt. Yielded the following:
AUC: 0.8950617283950617
MCC: 0.6897247020435424