The model: 0_4_net.pt. Yielded the following:
AUC: 0.7866379310344828
MCC: 0.2435443854938362