The model: 3_0_net.pt. Yielded the following:
AUC: 0.8222222222222222
MCC: 0.31193973345246884