The model: 1_3_net.pt. Yielded the following:
AUC: 0.8859416445623343
MCC: 0.6544782449931849