The model: 4_0_net.pt. Yielded the following:
AUC: 0.725925925925926
MCC: 0.3670584895244009