The model: 2_3_net.pt. Yielded the following:
AUC: 0.6416666666666666
MCC: 0.09583333333333334