The model: 1_3_net.pt. Yielded the following:
AUC: 0.7019230769230769
MCC: 0.2759457847949052