The model: 0_4_net.pt. Yielded the following:
AUC: 0.7090909090909091
MCC: 0.17473955057144483