The model: 3_4_net.pt. Yielded the following:
AUC: 0.7559523809523809
MCC: 0.21859641244629688