The model: 3_4_net.pt. Yielded the following:
AUC: 0.744102564102564
MCC: -0.028306925853614894