The model: 4_2_net.pt. Yielded the following:
AUC: 0.8244680851063829
MCC: 0.5236350158746689