The model: 1_0_net.pt. Yielded the following:
AUC: 0.8807882644043832
MCC: 0.5797852745121383