The model: 0_3_net.pt. Yielded the following:
AUC: 0.8846593406593406
MCC: 0.5909847915526927