The model: 2_1_net.pt. Yielded the following:
AUC: 0.8659749614131367
MCC: 0.5631427700793918