The model: 3_1_net.pt. Yielded the following:
AUC: 0.8903283850652272
MCC: 0.656300034004695