The model: 1_3_net.pt. Yielded the following:
AUC: 0.8133333333333334
MCC: 0.34287784616580924