The model: 2_3_net.pt. Yielded the following:
AUC: 0.8918269230769231
MCC: 0.5408524452393346