The model: 0_4_net.pt. Yielded the following:
AUC: 0.8386243386243386
MCC: 0.4353577159671462