The model: 4_3_net.pt. Yielded the following:
AUC: 0.8586956521739131
MCC: 0.4847207788094203