The model: 3_1_net.pt. Yielded the following:
AUC: 0.8745098039215686
MCC: 0.5918000822167366