The model: 0_4_net.pt. Yielded the following:
AUC: 0.81756161971831
MCC: 0.2241416703805747