The model: 2_0_net.pt. Yielded the following:
AUC: 0.8484187568157034
MCC: 0.43532947760140955