The model: 3_2_net.pt. Yielded the following:
AUC: 0.8166221033868093
MCC: 0.09018052365482716