The model: 4_3_net.pt. Yielded the following:
AUC: 0.8366651522035438
MCC: 0.0904658996923695