The model: 2_0_net.pt. Yielded the following:
AUC: 0.8442539682539684
MCC: 0.5553464422963807