The model: 4_0_net.pt. Yielded the following:
AUC: 0.851660315732172
MCC: 0.47283299349633423