The model: 0_4_net.pt. Yielded the following:
AUC: 0.828021978021978
MCC: 0.48955603450505236