The model: 3_1_net.pt. Yielded the following:
AUC: 0.8509502923976608
MCC: 0.5088342283166861