The model: 2_0_net.pt. Yielded the following:
AUC: 0.8986892736892738
MCC: 0.5891291559571915