The model: 3_2_net.pt. Yielded the following:
AUC: 0.9356635407786303
MCC: 0.7255829649187127