The model: 1_3_net.pt. Yielded the following:
AUC: 0.8584101382488479
MCC: 0.5429528411688538