The model: 4_2_net.pt. Yielded the following:
AUC: 0.8888406156901689
MCC: 0.647719100945823