The model: 4_2_net.pt. Yielded the following:
AUC: 0.6190476190476191
MCC: 0.2182178902359924