The model: 2_4_net.pt. Yielded the following:
AUC: 0.6291666666666667
MCC: 0.09139076937674137