The model: 1_0_net.pt. Yielded the following:
AUC: 0.7307692307692308
MCC: 0.5080575455946181