The model: 3_2_net.pt. Yielded the following:
AUC: 0.7499999999999999
MCC: 0.3003124875651863