The model: 0_4_net.pt. Yielded the following:
AUC: 0.7151515151515151
MCC: 0.12309149097933272