The model: 0_3_net.pt. Yielded the following:
AUC: 0.8865079365079365
MCC: 0.5676200280788777