The model: 4_2_net.pt. Yielded the following:
AUC: 0.9190936309199782
MCC: 0.6741314134797731