The model: 3_1_net.pt. Yielded the following:
AUC: 0.8815058479532164
MCC: 0.5839207495426201