The model: 2_1_net.pt. Yielded the following:
AUC: 0.914031746031746
MCC: 0.626164721454194