The model: 0_3_net.pt. Yielded the following:
AUC: 0.8275862068965517
MCC: 0.5758167996310984