The model: 3_0_net.pt. Yielded the following:
AUC: 0.8461538461538461
MCC: 0.46386946386946387