The model: 2_3_net.pt. Yielded the following:
AUC: 0.8516483516483516
MCC: 0.5706311356100237