The model: 1_3_net.pt. Yielded the following:
AUC: 0.8551724137931034
MCC: 0.5851523221070829