The model: 4_3_net.pt. Yielded the following:
AUC: 0.913265306122449
MCC: 0.6324555320336759