The model: 3_2_net.pt. Yielded the following:
AUC: 0.8571428571428571
MCC: 0.50709255283711