The model: 1_4_net.pt. Yielded the following:
AUC: 0.738095238095238
MCC: 0.38095238095238093