The model: 0_4_net.pt. Yielded the following:
AUC: 0.8666666666666667
MCC: 0.3105295017040594