The model: 3_2_net.pt. Yielded the following:
AUC: 0.9442401960784313
MCC: 0.736893263477476