The model: 1_3_net.pt. Yielded the following:
AUC: 0.9458984793317626
MCC: 0.726754074713236