The model: 4_1_net.pt. Yielded the following:
AUC: 0.9470872406933788
MCC: 0.7262612370300612