The model: 2_1_net.pt. Yielded the following:
AUC: 0.933264394688727
MCC: 0.6799739083987387