The model: 4_0_net.pt. Yielded the following:
AUC: 0.8571428571428572
MCC: 0.5238095238095238