The model: 3_1_net.pt. Yielded the following:
AUC: 0.7142857142857142
MCC: 0.3142857142857143