The model: 1_4_net.pt. Yielded the following:
AUC: 0.7857142857142857
MCC: 0.4605661864718383