The model: 3_0_net.pt. Yielded the following:
AUC: 0.6857142857142857
MCC: 0.23904572186687872