The model: 4_1_net.pt. Yielded the following:
AUC: 0.9523809523809524
MCC: 0.8017837257372732