The model: 0_4_net.pt. Yielded the following:
AUC: 0.7811398354876615
MCC: 0.376285649514371