The model: 3_0_net.pt. Yielded the following:
AUC: 0.7900650502661148
MCC: 0.38190281886655925