The model: 2_1_net.pt. Yielded the following:
AUC: 0.7410394265232975
MCC: 0.3431875236443627