The model: 2_0_net.pt. Yielded the following:
AUC: 0.8603988603988604
MCC: 0.5419797814141314