The model: 3_2_net.pt. Yielded the following:
AUC: 0.7574002574002574
MCC: 0.22870872442096454