The model: 0_1_net.pt. Yielded the following:
AUC: 0.7904761904761904
MCC: 0.3337119062359573