The model: 4_3_net.pt. Yielded the following:
AUC: 0.8303378864126527
MCC: 0.3098490294751977