The model: 3_4_net.pt. Yielded the following:
AUC: 0.9099415204678362
MCC: 0.7325930836435526