The model: 4_3_net.pt. Yielded the following:
AUC: 0.853596757852077
MCC: 0.592557053791523