The model: 0_1_net.pt. Yielded the following:
AUC: 0.8822857142857142
MCC: 0.576556660197055