The model: 1_2_net.pt. Yielded the following:
AUC: 0.8882113821138211
MCC: 0.6090792388178169