The model: 0_2_net.pt. Yielded the following:
AUC: 0.8666666666666667
MCC: 0.4879500364742666