The model: 4_2_net.pt. Yielded the following:
AUC: 0.7142857142857143
MCC: 0.5238095238095238