The model: 1_2_net.pt. Yielded the following:
AUC: 0.7916666666666667
MCC: -0.2721655269759087