The model: 2_1_net.pt. Yielded the following:
AUC: 0.8684615384615385
MCC: 0.47982943628814145