The model: 4_2_net.pt. Yielded the following:
AUC: 0.8947874493927125
MCC: 0.5921679697071726