The model: 3_1_net.pt. Yielded the following:
AUC: 0.9061545801526717
MCC: 0.6476809508321433