The model: 1_3_net.pt. Yielded the following:
AUC: 0.8539500091224228
MCC: 0.4645739481343826