The model: 0_3_net.pt. Yielded the following:
AUC: 0.8967303650847955
MCC: 0.5773382352970987