The model: 4_0_net.pt. Yielded the following:
AUC: 0.9183451279259662
MCC: 0.6006043946849866