The model: 3_2_net.pt. Yielded the following:
AUC: 0.8934941520467837
MCC: 0.6442002657919009