The model: 3_1_net.pt. Yielded the following:
AUC: 0.8088578088578088
MCC: 0.42427289862480316