The model: 1_4_net.pt. Yielded the following:
AUC: 0.8367816091954023
MCC: 0.5311497445029681