The model: 2_0_net.pt. Yielded the following:
AUC: 0.728021978021978
MCC: 0.3984215077053419