The model: 4_1_net.pt. Yielded the following:
AUC: 0.862299771167048
MCC: 0.5468298661234046