The model: 1_4_net.pt. Yielded the following:
AUC: 0.8622919478182636
MCC: 0.5510982766860676