The model: 3_2_net.pt. Yielded the following:
AUC: 0.8913489382239381
MCC: 0.6365193218688444