The model: 0_1_net.pt. Yielded the following:
AUC: 0.8930305897193315
MCC: 0.6223864646879153