The model: 4_2_net.pt. Yielded the following:
AUC: 0.5714285714285714
MCC: 0.2182178902359924