The model: 2_3_net.pt. Yielded the following:
AUC: 0.9285714285714286
MCC: 0.47809144373375745