The model: 1_4_net.pt. Yielded the following:
AUC: 0.7083333333333334
MCC: 0.5833333333333334