The model: 1_0_net.pt. Yielded the following:
AUC: 0.7622222222222221
MCC: 0.31870056214129705