The model: 4_3_net.pt. Yielded the following:
AUC: 0.8065217391304348
MCC: 0.43967855334750183