The model: 3_2_net.pt. Yielded the following:
AUC: 0.8254901960784313
MCC: 0.4146370002792422