The model: 0_1_net.pt. Yielded the following:
AUC: 0.828042328042328
MCC: 0.4971996832111851