The model: 2_1_net.pt. Yielded the following:
AUC: 0.6370192307692307
MCC: 0.19230769230769232