The model: 2_1_net.pt. Yielded the following:
AUC: 0.8149038461538463
MCC: 0.5408524452393346