The model: 3_0_net.pt. Yielded the following:
AUC: 0.8725490196078431
MCC: 0.5164012952624433