The model: 0_1_net.pt. Yielded the following:
AUC: 0.9470899470899472
MCC: 0.642467548024451