The model: 4_3_net.pt. Yielded the following:
AUC: 0.9260869565217391
MCC: 0.5892454029753107