The model: 3_4_net.pt. Yielded the following:
AUC: 0.49999999999999994
MCC: -0.03857583749052298