The model: 2_3_net.pt. Yielded the following:
AUC: 0.7857142857142857
MCC: 0.4580740495071019