The model: 0_4_net.pt. Yielded the following:
AUC: 0.6657824933687002
MCC: 0.07194441103690095