The model: 3_1_net.pt. Yielded the following:
AUC: 0.7622377622377622
MCC: 0.3871048305693819