The model: 1_4_net.pt. Yielded the following:
AUC: 0.8482758620689654
MCC: 0.4068381021724862