The model: 0_3_net.pt. Yielded the following:
AUC: 0.7037037037037037
MCC: -0.17407765595569785