The model: 4_2_net.pt. Yielded the following:
AUC: 0.8928571428571428
MCC: 0.5635535401295892