The model: 1_3_net.pt. Yielded the following:
AUC: 0.8938992042440319
MCC: 0.5382814881567385