The model: 0_3_net.pt. Yielded the following:
AUC: 0.8706896551724138
MCC: 0.6018844492775434