The model: 3_1_net.pt. Yielded the following:
AUC: 0.8416666666666667
MCC: 0.5812381937190965