The model: 2_0_net.pt. Yielded the following:
AUC: 0.9753086419753086
MCC: 0.762000762001143