The model: 2_3_net.pt. Yielded the following:
AUC: 0.8223767383059417
MCC: 0.48580807634444045