The model: 3_0_net.pt. Yielded the following:
AUC: 0.8572635135135135
MCC: 0.5571681662303606