The model: 4_2_net.pt. Yielded the following:
AUC: 0.7990846681922197
MCC: 0.4530040083713891