The model: 4_0_net.pt. Yielded the following:
AUC: 0.8702702702702703
MCC: 0.6082762530298219