The model: 2_3_net.pt. Yielded the following:
AUC: 0.6583333333333333
MCC: 0.15913201254311046