The model: 3_4_net.pt. Yielded the following:
AUC: 0.7027027027027026
MCC: 0.26303837968857163