The model: 2_3_net.pt. Yielded the following:
AUC: 0.9605959342801449
MCC: 0.7167523538240786