The model: 3_4_net.pt. Yielded the following:
AUC: 0.9397642323174239
MCC: 0.587983077309785