The model: 1_3_net.pt. Yielded the following:
AUC: 0.9564144736842105
MCC: 0.6880694482416505