The model: 4_2_net.pt. Yielded the following:
AUC: 0.9467040673211781
MCC: 0.6036225496531462