The model: 0_4_net.pt. Yielded the following:
AUC: 0.9383727990285368
MCC: 0.638414529991545