The model: 3_4_net.pt. Yielded the following:
AUC: 0.8333333333333334
MCC: 0.5590169943749475