The model: 1_3_net.pt. Yielded the following:
AUC: 0.6666666666666666
MCC: 0.7453559924999299