The model: 2_1_net.pt. Yielded the following:
AUC: 0.6666666666666666
MCC: 0.2182178902359924