The model: 3_1_net.pt. Yielded the following:
AUC: 0.927593066211992
MCC: 0.7283471660743719