The model: 2_1_net.pt. Yielded the following:
AUC: 0.8925565175565175
MCC: 0.6349622994613118