The model: 4_2_net.pt. Yielded the following:
AUC: 0.9020605759682224
MCC: 0.6488016138619263