The model: 0_4_net.pt. Yielded the following:
AUC: 0.6787878787878788
MCC: 0.3569653238400649