The model: 4_2_net.pt. Yielded the following:
AUC: 0.7851851851851852
MCC: 0.5477225575051662