The model: 1_3_net.pt. Yielded the following:
AUC: 0.7259615384615384
MCC: 0.36720990919214974