The model: 1_4_net.pt. Yielded the following:
AUC: 0.8574712643678161
MCC: 0.604785718883776