The model: 2_3_net.pt. Yielded the following:
AUC: 0.8928571428571428
MCC: 0.5494505494505495