The model: 3_0_net.pt. Yielded the following:
AUC: 0.8531468531468531
MCC: 0.4404473690498966