The model: 4_3_net.pt. Yielded the following:
AUC: 0.9449207764592907
MCC: 0.7590718681789683