The model: 3_4_net.pt. Yielded the following:
AUC: 0.9110844200411805
MCC: 0.6100217204196058