The model: 4_2_net.pt. Yielded the following:
AUC: 0.9904214559386973
MCC: 0.4025061157105039