The model: 1_2_net.pt. Yielded the following:
AUC: 0.9771428571428572
MCC: 0.2756452682584535