The model: 0_4_net.pt. Yielded the following:
AUC: 0.8633040935672516
MCC: 0.39299448591274644