The model: 3_2_net.pt. Yielded the following:
AUC: 0.9189743589743589
MCC: -0.023129622216290363