The model: 3_0_net.pt. Yielded the following:
AUC: 0.8751608751608753
MCC: 0.22369359124949353