The model: 2_1_net.pt. Yielded the following:
AUC: 0.8361823361823363
MCC: 0.46431901803172315