The model: 1_2_net.pt. Yielded the following:
AUC: 0.8370319001386963
MCC: 0.36540136752648783