The model: 0_3_net.pt. Yielded the following:
AUC: 0.926530612244898
MCC: 0.35805743701971643