The model: 4_3_net.pt. Yielded the following:
AUC: 0.9144500359453631
MCC: 0.3735030966851236