The model: 1_4_net.pt. Yielded the following:
AUC: 0.8857142857142858
MCC: 0.7567874686642696