The model: 3_1_net.pt. Yielded the following:
AUC: 0.6216216216216216
MCC: 0.0918918918918919