The model: 4_0_net.pt. Yielded the following:
AUC: 0.9675675675675676
MCC: 0.42483856331322933