The model: 0_3_net.pt. Yielded the following:
AUC: 0.9842105263157894
MCC: 0.882885711452609