The model: 4_1_net.pt. Yielded the following:
AUC: 0.9096700544999263
MCC: 0.562797381702749