The model: 0_4_net.pt. Yielded the following:
AUC: 0.908983451536643
MCC: 0.6262739427785483