The model: 3_2_net.pt. Yielded the following:
AUC: 0.9202414638747406
MCC: 0.63822896448905