The model: 2_4_net.pt. Yielded the following:
AUC: 0.6111111111111112
MCC: -0.15811388300841897