The model: 1_4_net.pt. Yielded the following:
AUC: 0.6296296296296295
MCC: 0.408248290463863