The model: 4_1_net.pt. Yielded the following:
AUC: 0.6666666666666666
MCC: -0.3535533905932738