The model: 3_4_net.pt. Yielded the following:
AUC: 0.8636363636363635
MCC: 0.27247463045653303