The model: 4_0_net.pt. Yielded the following:
AUC: 0.9050156294401818
MCC: 0.655745013731657