The model: 3_4_net.pt. Yielded the following:
AUC: 0.9270687441643324
MCC: 0.6589421014701219