The model: 0_2_net.pt. Yielded the following:
AUC: 0.913391304347826
MCC: 0.632756255638352