The model: 2_1_net.pt. Yielded the following:
AUC: 0.9229835446452657
MCC: 0.6743077289505417