The model: 4_2_net.pt. Yielded the following:
AUC: 0.8289772727272727
MCC: 0.3386363636363636