The model: 3_1_net.pt. Yielded the following:
AUC: 0.8567318757192175
MCC: 0.37862267768234403