The model: 2_0_net.pt. Yielded the following:
AUC: 0.8633540372670807
MCC: -0.019114484997483857