The model: 1_2_net.pt. Yielded the following:
AUC: 0.894375
MCC: -0.019230769230769232