The model: 0_4_net.pt. Yielded the following:
AUC: 0.9400425015179114
MCC: 0.6491981177912262