The model: 2_4_net.pt. Yielded the following:
AUC: 0.9715956558061822
MCC: 0.6519885661221805