The model: 3_0_net.pt. Yielded the following:
AUC: 0.96046578493387
MCC: 0.6832284630046043