The model: 4_3_net.pt. Yielded the following:
AUC: 0.9554698457223002
MCC: 0.5356207858239519