The model: 3_4_net.pt. Yielded the following:
AUC: 0.9188400823610159
MCC: 0.627563483818982