The model: 0_1_net.pt. Yielded the following:
AUC: 0.9147573293914757
MCC: 0.6998957569537979