The model: 4_3_net.pt. Yielded the following:
AUC: 0.9459496536113589
MCC: 0.752383565402291