The model: 1_0_net.pt. Yielded the following:
AUC: 0.9494576271186441
MCC: 0.7340788827831322