The model: 3_0_net.pt. Yielded the following:
AUC: 0.9477823214847436
MCC: 0.539791896359413