The model: 4_2_net.pt. Yielded the following:
AUC: 0.9902234636871509
MCC: 0.7695329018847225