The model: 0_1_net.pt. Yielded the following:
AUC: 0.9744015957446809
MCC: 0.6703447209338895