The model: 3_4_net.pt. Yielded the following:
AUC: 0.9276883266244969
MCC: 0.5458564285595264