The model: 1_3_net.pt. Yielded the following:
AUC: 0.9421052631578948
MCC: 0.6083036949729056