The model: 0_3_net.pt. Yielded the following:
AUC: 0.9417122040072861
MCC: 0.5583107046751082