The model: 2_4_net.pt. Yielded the following:
AUC: 0.9637983848510164
MCC: 0.5853632560606586