The model: 3_1_net.pt. Yielded the following:
AUC: 0.8415384615384616
MCC: 0.34608895594881284