The model: 4_1_net.pt. Yielded the following:
AUC: 0.892578125
MCC: 0.5988172421968482