The model: 2_3_net.pt. Yielded the following:
AUC: 0.8765000000000001
MCC: 0.18100100451755408