The model: 0_4_net.pt. Yielded the following:
AUC: 0.9087540528022233
MCC: 0.4176753519641699